image: fontys_map2.pgm
resolution: 0.025000
origin: [-13.800000, -13.800000, 0.000000]
negate: 0
occupied_thresh: 0.65
free_thresh: 0.196

